Nz = 1000
Nt = 1370
Ne = 256
ZetaEx = 26.991549
TauEnd = 34079252806.388638
Delta = 0.300000
I0 = 35.000000
R0 = 2.077000
Rb = 0.827000
g = 1.200000
ukv = 100.000000
dz = 0.027019
dt = 0.000730
tol = 1e-08
INTT = 20
INTZ = 20
