Nz1 = 1000
Nz2 = 12
Nt = 3362
Ne = 256
Lz = 50.000000
Lzi = 5.264000
ZetaEx = 449.859152
TauEnd = 681.585056
Delta = 0.300000
I0 = 35.000000
Ic = 0.001937
R0 = 2.077000
Rb = 0.827000
g = 1.200000
ukv = 100.000000
dz = 0.450309
dt = 0.202779
tol = 1e-08
INTT = 25
INTZ = 1
a0 = 0.030000
